+-----------------------------------------------------------------------------------------------------------------------------------------------------------------------------------------------------------------------------------------------------------------------------------------------------+
; Legal Partition Candidates                                                                                                                                                                                                                                                                          ;
+------------------------------------------------------------------------------------------------+-------+----------------+--------------+----------------+--------+-----------------+---------------+-----------------+-------+----------------+--------------+------------------+-------------------+
; Hierarchy                                                                                      ; Input ; Constant Input ; Unused Input ; Floating Input ; Output ; Constant Output ; Unused Output ; Floating Output ; Bidir ; Constant Bidir ; Unused Bidir ; Input only Bidir ; Output only Bidir ;
+------------------------------------------------------------------------------------------------+-------+----------------+--------------+----------------+--------+-----------------+---------------+-----------------+-------+----------------+--------------+------------------+-------------------+
; my_Controller|myRAM|altsyncram_component|auto_generated                                        ; 37    ; 0              ; 0            ; 0              ; 8      ; 0               ; 0             ; 0               ; 0     ; 0              ; 0            ; 0                ; 0                 ;
; my_Controller|myRAM                                                                            ; 37    ; 0              ; 0            ; 0              ; 8      ; 0               ; 0             ; 0               ; 0     ; 0              ; 0            ; 0                ; 0                 ;
; my_Controller|myQsys|rst_controller|alt_rst_req_sync_uq1                                       ; 2     ; 1              ; 0            ; 1              ; 1      ; 1               ; 1             ; 1               ; 0     ; 0              ; 0            ; 0                ; 0                 ;
; my_Controller|myQsys|rst_controller|alt_rst_sync_uq1                                           ; 2     ; 0              ; 0            ; 0              ; 1      ; 0               ; 0             ; 0               ; 0     ; 0              ; 0            ; 0                ; 0                 ;
; my_Controller|myQsys|rst_controller                                                            ; 33    ; 31             ; 0            ; 31             ; 1      ; 31              ; 31            ; 31              ; 0     ; 0              ; 0            ; 0                ; 0                 ;
; my_Controller|myQsys|new_sdram_controller_0|the_Qsys_new_sdram_controller_0_input_efifo_module ; 48    ; 0              ; 0            ; 0              ; 48     ; 0               ; 0             ; 0               ; 0     ; 0              ; 0            ; 0                ; 0                 ;
; my_Controller|myQsys|new_sdram_controller_0                                                    ; 48    ; 1              ; 1            ; 1              ; 40     ; 1               ; 1             ; 1               ; 16    ; 0              ; 0            ; 0                ; 0                 ;
; my_Controller|myQsys                                                                           ; 48    ; 0              ; 0            ; 0              ; 40     ; 0               ; 0             ; 0               ; 16    ; 0              ; 0            ; 0                ; 0                 ;
; my_Controller|my_VirtualJTAG_MM_Write|Seven_Seg_Driver_inst                                    ; 4     ; 2              ; 0            ; 2              ; 48     ; 2               ; 2             ; 2               ; 0     ; 0              ; 0            ; 0                ; 0                 ;
; my_Controller|my_VirtualJTAG_MM_Write|altsyncram_component|auto_generated                      ; 26    ; 0              ; 0            ; 0              ; 16     ; 0               ; 0             ; 0               ; 0     ; 0              ; 0            ; 0                ; 0                 ;
; my_Controller|my_VirtualJTAG_MM_Write                                                          ; 21    ; 4              ; 17           ; 4              ; 105    ; 4               ; 4             ; 4               ; 0     ; 0              ; 0            ; 0                ; 0                 ;
; my_Controller                                                                                  ; 10    ; 0              ; 5            ; 0              ; 89     ; 0               ; 0             ; 0               ; 16    ; 0              ; 0            ; 0                ; 0                 ;
; my_PLL|altpll_component|auto_generated                                                         ; 2     ; 0              ; 0            ; 0              ; 6      ; 0               ; 0             ; 0               ; 0     ; 0              ; 0            ; 0                ; 0                 ;
; my_PLL                                                                                         ; 1     ; 0              ; 0            ; 0              ; 4      ; 0               ; 0             ; 0               ; 0     ; 0              ; 0            ; 0                ; 0                 ;
+------------------------------------------------------------------------------------------------+-------+----------------+--------------+----------------+--------+-----------------+---------------+-----------------+-------+----------------+--------------+------------------+-------------------+
